577
139
-644
-344
348
842
-824
-632
798
594
-22
-570
782
602
-975
-367
-356
163
85
656
-953
-845
-809
919
670
509
-338
-160
547
953
449
-279
-677
531
-587
-397
-10
-284
-541
728
-903
-949
341
258
-227
-613
-356
988
-139
-653
-432
-434
-892
392
-258
372
847
-445
-27
-710
-502
-931
354
324
-281
778
-529
628
-987
-534
-937
586
-302
260
-404
-482
235
-482
-526
-744
-539
294
-676
857
191
-187
999
328
-790
781
-159
667
354
-175
47
707
-698
-830
-466
-712
103
164
-422
-90
-334
227
304
50
-754
423
751
-20
-537
227
148
-721
602
-72
788
-712
788
-197
-376
33
974
73
-4
-13
-446
-809
446
825
683
-204
-478
663
46
-226
809
468
443
-40
274
424
-182
-745
876
-862
466
165
862
216
-647
4
619
-837
718
-129
-212
556
-332
-194
-170
-812
-913
475
-805
565
-150
-908
489
-749
-209
-459
-621
217
-471
-509
198
429
-427
739
-917
-311
126
-674
277
700
-941
-735
-451
124
-644
219
-543
54
-906
-750
193
546
-962
-331
265
587
-836
-76
876
-28
582
273
912
791
446
954
712
644
-798
-469
621
950
-911
-351
-660
-408
-701
-236
-72
-296
-969
134
-101
-707
-45
-657
583
398
656
575
585
265
567
-840
630
334
259
220
233
-454
-695
554
139
809
-211
824
818
830
594
50
-278
-54
