1000
997
995
992
989
987
984
981
979
976
973
971
968
965
963
960
957
955
952
949
947
944
941
939
936
933
931
928
925
923
920
917
915
912
909
907
904
901
899
896
893
891
888
885
883
880
877
875
872
869
867
864
861
859
856
853
851
848
845
843
840
837
835
832
829
827
824
821
819
816
813
811
808
805
803
800
797
795
792
789
787
784
781
779
776
773
771
768
765
763
760
757
755
752
749
747
744
741
739
736
733
731
728
725
723
720
717
715
712
709
707
704
701
699
696
693
691
688
685
683
680
677
675
672
669
667
664
661
659
656
653
651
648
645
643
640
637
635
632
629
627
624
621
619
616
613
611
608
605
603
600
597
595
592
589
587
584
581
579
576
573
571
568
565
563
560
557
555
552
549
547
544
541
539
536
533
531
528
525
523
520
517
515
512
509
507
504
501
499
496
493
491
488
485
483
480
477
475
472
469
467
464
461
459
456
453
451
448
445
443
440
437
435
432
429
427
424
421
419
416
413
411
408
405
403
400
