998
994
993
987
986
985
982
979
975
974
973
968
965
963
962
957
955
954
952
951
947
946
944
943
942
938
935
934
932
929
927
925
924
921
919
917
916
914
911
909
907
905
903
901
898
897
895
894
892
889
887
885
883
881
878
876
874
872
870
867
865
863
861
859
856
854
852
850
847
845
843
841
838
836
834
832
829
827
825
823
820
818
816
814
811
809
807
805
802
800
798
796
793
791
789
787
784
782
780
778
775
773
771
769
766
764
762
760
757
755
753
751
748
746
744
742
739
737
735
733
730
728
726
724
721
719
717
715
712
710
708
706
703
701
699
697
694
692
690
688
685
683
681
679
676
674
672
670
667
665
663
661
658
656
654
652
649
647
645
643
640
638
636
634
631
629
627
625
622
620
618
616
613
611
609
607
604
602
600
598
595
593
591
589
586
584
582
580
577
575
573
571
568
566
564
562
559
557
555
553
550
548
546
544
541
539
537
535
532
530
528
526
523
521
519
517
514
512
510
508
505
503
501
